icp:
-0.04273342 -0.04273342 -0.04273342 -0.04362295 -0.04380066 -0.04394951 -0.04407071 -0.04417604 -0.0442662 -0.04433987 -0.04440112 -0.04444471 -0.04448056
kappaL:
0.268 0.151 0.105 0.081 0.065 0.055 0.047 0.042 0.037 0.033 0.030 0.028

Mono Sr2CdBi
icp:
0.01537851 0.01537851 0.01537851 0.01537851 0.01537851 0.01537851 0.01755297 0.01775829 0.01795182 0.01815194 0.01834528 0.01853882
fake kappaL:
0.268 0.151 0.105 0.081 0.065 0.055 0.047 0.042 0.037 0.033 0.030 0.028

Bulk Ca2ZnAs2
ic:
0.11131599 0.11243243 0.11296966 0.11350797 0.11404513 0.11455635 0.11504226 0.11547442 0.11586083 0.11619614 0.11648823 0.11674484
fake kappaL:
0.268 0.151 0.105 0.081 0.065 0.055 0.047 0.042 0.037 0.033 0.030 0.028

Bulk Ca2CdAs2 m 100
ic:
0.09484845 0.09621294 0.09684626 0.09747957 0.0981075  0.09873468 0.09934947 0.09995642 0.10055376 0.10113456 0.10170469 0.10225589
fake kappaL:
0.268 0.151 0.105 0.081 0.065 0.055 0.047 0.042 0.037 0.033 0.030 0.028

Bulk Ca2CdAs2 m 1000
ic:
0.0948181 0.09621185 0.0968389 0.09747219 0.09810211 0.09872873 0.09934895 0.09995422 0.10055172 0.10113669 0.10170479 0.10225376
fake kappaL:
0.268 0.151 0.105 0.081 0.065 0.055 0.047 0.042 0.037 0.033 0.030 0.028


